---- fish
?(86,18) (86,13) (85,13) (85,9) (78,9) (78,10)
(43,10) (43,11) (40,11) (40,10) (38,10) (38,11) (36,11) (36,12) (34,12) (34,14) (31,14) (31,15) (30,15)
(30,16) (15,16) (15,17)uktw2
(15,16) (30,16) (30,15) (32,15) (32,14) (34,14) (34,12) (37,12) (37,11) (38,11) (38,10) (41,10)
(41,11) (44,11) (44,10) (79,10) (79,9) (85,9) (85,13) (86,13) (86,18)u

--- ds
?(46,63) (47,63) (47,59) (44,59) +d(47,58) (47,55) (48,55) (48,54) (55,54) (55,55) (59,55) (59,53) (65,53)
(65,54) (74,54) (74,53) (75,53) (75,40) (82,40) (82,37) (87,37) (87,13) (85,13) (85,9) (78,9) (78,10)
(43,10) (43,11) (40,11) (40,10) (38,10) (38,11) (36,11) (36,12) (34,12) (34,14) (31,14) (31,15) (30,15)
(30,16) (15,16) (15,17)uktw2
(15,16) (30,16) (30,15) (32,15) (32,14) (34,14) (34,12) (37,12) (37,11) (38,11) (38,10) (41,10)
(41,11) (44,11) (44,10) (79,10) (79,9) (85,9) (85,13) (87,13) (87,37) (82,37) (82,40) (75,40) (75,53)
(74,53) (74,54) (65,54) (65,53) (59,53) (59,55) (55,55) (55,54) (48,54) (48,57) (45,57)
(45,59) (44,59) +d(47,58) (47,63) (46,63)l

--- 395 dspin
rlurlurlurlurlu rlurlurlurlurlu rlurlurlurlurlu rlurlurlurlurlu rlurlu lurur
durdurdurdurdur durdurdurdurdur durdurdurdurdur durdurdurdurdur urdrd
lrdlrdlrdlrdlrd lrdlrdlrdlrdlrd lrdlrdlrdlrdlrd lrdlrdlrdlrdlrd rdldl
udludludludludl udludludludludl udludludludl!dl ud ruu
rlu!lurlurlurlu rlurlurlurlurlu rlurlurlurlu lurur
durdurdurdurdur durdurdur urdrd
lrdlrdlrdlrdlrd lrdlrdlrd rdldl
udludl dlulu rlu!lu!lu rd r!ur!urlurlu rulul duldul uldld
rldrldrldrldrld rldrldrld ldrdrdr
udrudrudrudrudr udrudrudr druru
lrulrulrulrulru lrulrulrulrulru lrulrulrulru rulul
dulduldulduldul dulduldulduldul duldulduldul uldld
rldrldrldrldrld rldrldrldrldrld rldrldrldrldrld rldrld!ldr

--- .4 trader
?(16,18)(22,18)(22,16)(30,16)(30,15)(32,15)(32,14)(34,14)(34,12)(37,12)(37,11)(38,11)(38,10)
(41,10)(41,11)(44,11)(44,10)(79,10)(79,9)(85,9)(85,14)(87,14)(87,41)(88,41)(88,52)(87,52)
(87,58)(86,58)(86,60)(88,60)(88,72)(94,72)(94,70) dw1ksw3kpw2dw1ksw2 (94,72)(88,72)(88,60)
(86,60)(86,58)(87,58)(87,52)(88,52)(88,41)(87,41)(87,14)(85,14)(85,9)(79,9)(79,10)(44,10)(44,11)(41,11)
(41,10)(38,10)(38,11)(37,11)(37,12)(34,12)(34,14)(32,14)(32,15)(30,15)(30,16)(22,16)(22,18)
(16,18) lknkoknw2

---
?5 ktknw1 (63,40)(71,40)u >26w5 (63,40)d
?5 ~w2 (10,13)(10,15)u km >25w3 (10,13)dw2

--- ao
?3 (16,18)(16,23)(20,23)(20,25)(25,25)(25,28)(28,28)(28,30)(31,30)(31,29)(32,29)(32,28)(36,28)(36,27)
    (37,27)(37,26)(41,26)(41,27)(46,27)(46,29)(47,29)(47,33)(48,33)(48,34)(51,34)(51,39) +r
    (51,38)(51,37)(50,37)(50,33)(39,33)(39,34)(36,34)(36,35)(32,35)(32,29)(29,29)(29,26)(30,26)(30,20)
    (28,20)(28,19)(24,19)(24,15)(21,15)(21,10)d <01w3kow2d <01w3
(21,15)(24,15)(24,19)(28,19)(28,20)(30,20)(30,26)(29,26)(29,29)(32,29)(32,35)(36,35)(36,34)
    (39,34)(39,33)(50,33)(50,37)(51,37)(51,39) +r (51,38)(51,34)(48,34)(48,33)(47,33)(47,29)(46,29)
    (46,27)(41,27)(41,26)(37,26)(37,27)(36,27)(36,28)(32,28)(32,29)(31,29)(31,30)(28,30)(28,28)(25,28)
    (25,25)(20,25)(20,23)(16,23)(16,18) lktw2

--- srun
?3 (83,37)(83,29)(86,29)(86,20)(90,20)(90,17)(92,17)(92,16) +d
(27,9)(27,19)(16,19)(16,20)(10,20)(10,28)u
kbw3kow2kbw3 (10,28)(10,20)(16,20)(16,19)(27,19)(27,9)(6,9) +l
(91,16)(91,17)(90,17)(90,20)(86,20)(86,29)(83,29)(83,37)u ktw1

--- 10x2 dragons
?2 (56,78)%u (56,80)(55,80)%l (54,83)(55,83)%r (54,83)%u
(54,86)(53,86)%l (52,87)(50,87)(50,88)%u (51,89)%r (50,89)(50,87)%l (51,87)(51,85)%d
(49,84)%d (48,83)(48,82)%l (48,82)(48,81)%d (48,79)(51,79)(51,78)%d %r
(52,76)(55,76)(55,78)(56,78)

--- berry brew
?6 ~w1 (14,33)(19,33)(19,27)dkm @02w3 (19,27)(19,33)(14,33) lktw2
--- sand stove
?5 knw1 (23,17)(25,17)r @04w3 (23,17)lkt
--- berry pickup
?3 (63,40)(74,40)(74,39)(75,39)(75,38)(76,38) +r (22,26)(22,39)(24,39)(24,41)%u (24,44)
r <01w3 kow2r <01w3
(24,45)(23,45) %l (22,43)(21,43)(21,26)(11,26) +l (75,38)(75,39)(74,39)(74,40)(63,40)dkt
w1kew1ke
